0 0 3
1 1 3
2 2 3
3 3 3
4 4 3
5 0 3
6 1 3
7 2 3
8 3 6
9 4 6
10 0 6
11 1 10
12 2 10
13 3 10
14 4 10
15 0 15
16 1 15
17 2 15
18 3 15
19 4 15
20 0 20
21 1 20
22 2 20
23 3 20
24 4 20
25 0 25
26 1 25
27 2 25
28 3 25
29 4 25
30 0 30
31 1 30
32 2 30
33 3 30
34 4 30
35 0 35
36 1 35
37 2 35
38 3 35
39 4 35
40 0 40
41 1 40
42 2 40
43 3 40
44 4 40
45 0 45
46 1 45
47 2 45
48 3 45
49 4 45
50 0 50
51 1 50
52 2 50
53 3 50
54 4 50
55 0 55
56 1 55
57 2 55
58 3 55
59 4 55
60 0 60
61 1 60
62 2 60
63 3 60
64 4 60
65 0 65
66 1 65
67 2 65
68 3 65
69 4 65
70 0 70
71 1 70
72 2 70
73 3 70
74 4 70
75 0 75
76 1 75
77 2 75
78 3 75
79 4 75
80 0 80
81 1 80
82 2 80
83 3 80
84 4 80
85 0 85
86 1 85
87 2 85
88 3 85
89 4 85
90 0 90
91 1 90
92 2 90
93 3 90
94 4 90
95 0 95
96 1 95
97 2 95
98 3 95
99 4 95
100 0 100
101 1 100
102 2 100
103 3 100
104 4 100
105 0 105
106 1 105
107 2 105
108 3 105
109 4 105
110 0 110
111 1 110
112 2 110
113 3 110
114 4 110
115 0 115
116 1 115
117 2 115
118 3 115
119 4 115
120 0 120
121 1 120
122 2 120
123 3 120
124 4 120
125 0 125
126 1 125
127 2 125
128 3 125
129 4 125
130 0 130
131 1 130
132 2 130
133 3 130
134 4 130
135 0 135
136 1 135
137 2 135
138 3 135
139 4 135
140 0 140
141 1 140
142 2 140
143 3 140
144 4 140
145 0 145
146 1 145
147 2 145
148 3 145
149 4 145
150 0 150
151 1 150
152 2 150
153 3 150
154 4 150
155 0 155
156 1 155
157 2 155
158 3 155
159 4 155
160 0 160
161 1 160
162 2 160
163 3 160
164 4 160
165 0 165
166 1 165
167 2 165
168 3 165
169 4 165
170 0 170
171 1 170
172 2 170
173 3 170
174 4 170
175 0 175
176 1 175
177 2 175
178 3 175
179 4 175
180 0 180
181 1 180
182 2 180
183 3 180
184 4 180
185 0 185
186 1 185
187 2 185
188 3 185
189 4 185
190 0 190
191 1 190
192 2 190
193 3 190
194 4 190
195 0 195
196 1 195
197 2 195
198 3 195
199 4 195
200 0 200
201 1 200
202 2 200
203 3 200
204 4 200
205 0 205
206 1 205
207 2 205
208 3 205
209 4 205
210 0 210
211 1 210
212 2 210
213 3 210
214 4 210
215 0 215
216 1 215
217 2 215
218 3 215
219 4 215
220 0 220
221 1 220
222 2 220
223 3 220
224 4 220
225 0 225
226 1 225
227 2 225
228 3 225
229 4 225
230 0 230
231 1 230
232 2 230
233 3 230
234 4 230
235 0 235
236 1 235
237 2 235
238 3 235
239 4 235
240 0 240
241 1 240
242 2 240
243 3 240
244 4 240
245 0 245
246 1 245
247 2 245
248 3 245
249 4 245
250 0 250
251 1 250
252 2 250
253 3 250
254 4 250
255 0 255
256 1 255
257 2 255
258 3 255
259 4 255
260 0 260
261 1 260
262 2 260
263 3 260
264 4 260
265 0 265
266 1 265
267 2 265
268 3 265
269 4 265
270 0 270
271 1 270
272 2 270
273 3 270
274 4 270
275 0 275
276 1 275
277 2 275
278 3 275
279 4 275
280 0 280
281 1 280
282 2 280
283 3 280
284 4 280
285 0 285
286 1 285
287 2 285
288 3 285
289 4 285
290 0 290
291 1 290
292 2 290
293 3 290
294 4 290
295 0 295
296 1 295
297 2 295
298 3 295
299 4 295
300 0 300
301 1 300
302 2 300
303 3 300
304 4 300
305 0 305
306 1 305
307 2 305
308 3 305
309 4 305
310 0 310
311 1 310
312 2 310
313 3 310
314 4 310
315 0 315
316 1 315
317 2 315
318 3 315
319 4 315
320 0 320
321 1 320
322 2 320
323 3 320
324 4 320
325 0 325
326 1 325
327 2 325
328 3 325
329 4 325
330 0 330
331 1 330
332 2 330
333 3 330
334 4 330
335 0 335
336 1 335
337 2 335
338 3 335
339 4 335
340 0 340
341 1 340
342 2 340
343 3 340
344 4 340
345 0 345
346 1 345
347 2 345
348 3 345
349 4 345
350 0 350
351 1 350
352 2 350
353 3 350
354 4 350
355 0 355
356 1 355
357 2 355
358 3 355
359 4 355
360 0 360
361 1 360
362 2 360
363 3 360
364 4 360
365 0 365
366 1 365
367 2 365
368 3 365
369 4 365
370 0 370
371 1 370
372 2 370
373 3 370
374 4 370
375 0 375
376 1 375
377 2 375
378 3 375
379 4 375
380 0 380
381 1 380
382 2 380
383 3 380
384 4 380
385 0 385
386 1 385
387 2 385
388 3 385
389 4 385
390 0 390
391 1 390
392 2 390
393 3 390
394 4 390
395 0 395
396 1 395
397 2 395
398 3 395
399 4 395
400 0 400
401 1 400
402 2 400
403 3 400
404 4 400
405 0 405
406 1 405
407 2 405
408 3 405
409 4 405
410 0 410
411 1 410
412 2 410
413 3 410
414 4 410
415 0 415
416 1 415
417 2 415
418 3 415
419 4 415
420 0 420
421 1 420
422 2 420
423 3 420
424 4 420
425 0 425
426 1 425
427 2 425
428 3 425
429 4 425
430 0 430
431 1 430
432 2 430
433 3 430
434 4 430
435 0 435
436 1 435
437 2 435
438 3 435
439 4 435
440 0 440
441 1 440
442 2 440
443 3 440
444 4 440
445 0 445
446 1 445
447 2 445
448 3 445
449 4 445
450 0 450
451 1 450
452 2 450
453 3 450
454 4 450
455 0 455
456 1 455
457 2 455
458 3 455
459 4 455
460 0 460
461 1 460
462 2 460
463 3 460
464 4 460
465 0 465
466 1 465
467 2 465
468 3 465
469 4 465
470 0 470
471 1 470
472 2 470
473 3 470
474 4 470
475 0 475
476 1 475
477 2 475
478 3 475
479 4 475
480 0 480
481 1 480
482 2 480
483 3 480
484 4 480
485 0 485
486 1 485
487 2 485
488 3 485
489 4 485
490 0 490
491 1 490
492 2 490
493 3 490
494 4 490
495 0 495
496 1 495
497 2 495
498 3 495
499 4 495
500 0 500
501 1 500
502 2 500
503 3 500
504 4 500
505 0 505
506 1 505
507 2 505
508 3 505
509 4 505
510 0 510
511 1 510
512 2 510
513 3 510
514 4 510
515 0 515
516 1 515
517 2 515
518 3 515
519 4 515
520 0 520
521 1 520
522 2 520
523 3 520
524 4 520
525 0 525
526 1 525
527 2 525
528 3 525
529 4 525
530 0 530
531 1 530
532 2 530
533 3 530
534 4 530
535 0 535
536 1 535
537 2 535
538 3 535
539 4 535
540 0 540
541 1 540
542 2 540
543 3 540
544 4 540
545 0 545
546 1 545
547 2 545
548 3 545
549 4 545
550 0 550
551 1 550
552 2 550
553 3 550
554 4 550
555 0 555
556 1 555
557 2 555
558 3 555
559 4 555
560 0 560
561 1 560
562 2 560
563 3 560
564 4 560
565 0 565
566 1 565
567 2 565
568 3 565
569 4 565
570 0 570
571 1 570
572 2 570
573 3 570
574 4 570
575 0 575
576 1 575
577 2 575
578 3 575
579 4 575
580 0 580
581 1 580
582 2 580
583 3 580
584 4 580
585 0 585
586 1 585
587 2 585
588 3 585
589 4 585
590 0 590
591 1 590
592 2 590
593 3 590
594 4 590
595 0 595
596 1 595
597 2 595
598 3 595
599 4 595
600 0 600
601 1 600
602 2 600
603 3 600
604 4 600
605 0 605
606 1 605
607 2 605
608 3 605
609 4 605
610 0 610
611 1 610
612 2 610
613 3 610
614 4 610
615 0 615
616 1 615
617 2 615
618 3 615
619 4 615
620 0 620
621 1 620
622 2 620
623 3 620
624 4 620
625 0 625
626 1 625
627 2 625
628 3 625
629 4 625
630 0 630
631 1 630
632 2 630
633 3 630
634 4 630
635 0 635
636 1 635
637 2 635
638 3 635
639 4 635
640 0 640
641 1 640
642 2 640
643 3 640
644 4 640
645 0 645
646 1 645
647 2 645
648 3 645
649 4 645
650 0 650
651 1 650
652 2 650
653 3 650
654 4 650
655 0 655
656 1 655
657 2 655
658 3 655
659 4 655
660 0 660
661 1 660
662 2 660
663 3 660
664 4 660
665 0 665
666 1 665
667 2 665
668 3 665
669 4 665
670 0 670
671 1 670
672 2 670
673 3 670
674 4 670
675 0 675
676 1 675
677 2 675
678 3 675
679 4 675
680 0 680
681 1 680
682 2 680
683 3 680
684 4 680
685 0 685
686 1 685
687 2 685
688 3 685
689 4 685
690 0 690
691 1 690
692 2 690
693 3 690
694 4 690
695 0 695
696 1 695
697 2 695
698 3 695
699 4 695
700 0 700
701 1 700
702 2 700
703 3 700
704 4 700
705 0 705
706 1 705
707 2 705
708 3 705
709 4 705
710 0 710
711 1 710
712 2 710
713 3 710
714 4 710
715 0 715
716 1 715
717 2 715
718 3 715
719 4 715
720 0 720
721 1 720
722 2 720
723 3 720
724 4 720
725 0 725
726 1 725
727 2 725
728 3 725
729 4 725
730 0 730
731 1 730
732 2 730
733 3 730
734 4 730
735 0 735
736 1 735
737 2 735
738 3 735
739 4 735
740 0 740
741 1 740
742 2 740
743 3 740
744 4 740
745 0 745
746 1 745
747 2 745
748 3 745
749 4 745
750 0 750
751 1 750
752 2 750
753 3 750
754 4 750
755 0 755
756 1 755
757 2 755
758 3 755
759 4 755
760 0 760
761 1 760
762 2 760
763 3 760
764 4 760
765 0 765
766 1 765
767 2 765
768 3 765
769 4 765
770 0 770
771 1 770
772 2 770
773 3 770
774 4 770
775 0 775
776 1 775
777 2 775
778 3 775
779 4 775
780 0 780
781 1 780
782 2 780
783 3 780
784 4 780
785 0 785
786 1 785
787 2 785
788 3 785
789 4 785
790 0 790
791 1 790
792 2 790
793 3 790
794 4 790
795 0 795
796 1 795
797 2 795
798 3 795
799 4 795
800 0 800
801 1 800
802 2 800
803 3 800
804 4 800
805 0 805
806 1 805
807 2 805
808 3 805
809 4 805
810 0 810
811 1 810
812 2 810
813 3 810
814 4 810
815 0 815
816 1 815
817 2 815
818 3 815
819 4 815
820 0 820
821 1 820
822 2 820
823 3 820
824 4 820
825 0 825
826 1 825
827 2 825
828 3 825
829 4 825
830 0 830
831 1 830
832 2 830
833 3 830
834 4 830
835 0 835
836 1 835
837 2 835
838 3 835
839 4 835
840 0 840
841 1 840
842 2 840
843 3 840
844 4 840
845 0 845
846 1 845
847 2 845
848 3 845
849 4 845
850 0 850
851 1 850
852 2 850
853 3 850
854 4 850
855 0 855
856 1 855
857 2 855
858 3 855
859 4 855
860 0 860
861 1 860
862 2 860
863 3 860
864 4 860
865 0 865
866 1 865
867 2 865
868 3 865
869 4 865
870 0 870
871 1 870
872 2 870
873 3 870
874 4 870
875 0 875
876 1 875
877 2 875
878 3 875
879 4 875
880 0 880
881 1 880
882 2 880
883 3 880
884 4 880
885 0 885
886 1 885
887 2 885
888 3 885
889 4 885
890 0 890
891 1 890
892 2 890
893 3 890
894 4 890
895 0 895
896 1 895
897 2 895
898 3 895
899 4 895
900 0 900
901 1 900
902 2 900
903 3 900
904 4 900
905 0 905
906 1 905
907 2 905
908 3 905
909 4 905
910 0 910
911 1 910
912 2 910
913 3 910
914 4 910
915 0 915
916 1 915
917 2 915
918 3 915
919 4 915
920 0 920
921 1 920
922 2 920
923 3 920
924 4 920
925 0 925
926 1 925
927 2 925
928 3 925
929 4 925
930 0 930
931 1 930
932 2 930
933 3 930
934 4 930
935 0 935
936 1 935
937 2 935
938 3 935
939 4 935
940 0 940
941 1 940
942 2 940
943 3 940
944 4 940
945 0 945
946 1 945
947 2 945
948 3 945
949 4 945
950 0 950
951 1 950
952 2 950
953 3 950
954 4 950
955 0 955
956 1 955
957 2 955
958 3 955
959 4 955
960 0 960
961 1 960
962 2 960
963 3 960
964 4 960
965 0 965
966 1 965
967 2 965
968 3 965
969 4 965
970 0 970
971 1 970
972 2 970
973 3 970
974 4 970
975 0 975
976 1 975
977 2 975
978 3 975
979 4 975
980 0 980
981 1 980
982 2 980
983 3 980
984 4 980
985 0 985
986 1 985
987 2 985
988 3 985
989 4 985
990 0 990
991 1 990
992 2 990
993 3 990
994 4 990
995 0 995
996 1 995
997 2 995
998 3 995
999 4 995
